1,EPIC,Epic,Test epic description.

1
